BLEU(1-4) = [0.7374732732174262, 0.6165601106628905, 0.5224228841691337, 0.44667789145301035]
CIDEr = 2.4895450863989095
METEOR = 0.3687467360061665
ROUGE = 0.6569311751771559
SPICE = 0.4720601851816867
BERTScore = 0.7081152200698853
BLEURT =0.43985435798069566